[[ 0.          0.          2.          0.          0.          0.
   0.          0.          0.          0.          0.          0.66666667
   0.          0.          0.          9.06666667 52.26666667  0.
   0.          0.          0.          0.26666667  0.          0.
   9.6         0.          0.          0.          0.          0.        ]
 [ 0.          0.          0.          0.          0.          0.
   0.          0.          0.          7.6         0.          0.13333333
   0.          0.          0.          6.53333333  0.          1.6
   0.          0.          0.          0.          0.          0.
   0.          0.          0.66666667  0.          0.          0.        ]
 [ 0.          0.          0.          0.          0.          0.
   0.          0.          0.         14.93333333  0.         11.2
   0.          0.          0.          0.          3.33333333  0.
   0.          0.          0.          0.          0.          0.
   3.6         0.          0.53333333  0.          0.          0.        ]
 [ 0.          0.          0.         54.          0.          0.
   2.4         0.          0.          0.          0.          0.
   1.33333333 51.33333333  0.          0.          0.          0.66666667
   1.33333333  4.8         0.26666667  2.          0.          1.86666667
   0.          9.33333333  0.          2.66666667  2.93333333 20.53333333]
 [ 0.          0.          0.          0.          1.06666667  0.66666667
   0.         17.73333333 10.26666667  0.          2.66666667  0.
   4.93333333  4.13333333 64.4         0.          0.          2.53333333
   8.8         0.          0.          5.46666667  0.          0.
   0.          0.          0.          2.         14.          0.93333333]
 [ 0.          0.          0.          0.          0.          0.
   0.          0.          9.33333333  0.          0.          0.
   0.8         1.2         0.          0.          0.          3.46666667
   2.          0.          0.          0.13333333  0.          0.
   0.          0.          0.          0.          0.66666667  8.4       ]
 [ 0.          0.          0.          2.66666667  0.66666667  0.
   0.          0.          1.2         0.          0.93333333  0.
   0.          2.8         0.          0.          0.          0.
   2.66666667  0.93333333  0.93333333  0.13333333  1.33333333  3.6
   0.          0.          0.         15.86666667  0.          0.66666667]
 [ 0.          0.          0.          0.         15.86666667  0.
   0.          0.         10.4         0.          1.86666667  0.
   1.2        11.6         0.          0.          0.         14.93333333
   4.8         0.          0.          6.26666667  1.46666667  0.
   0.          0.53333333  0.          6.         16.8         1.06666667]
 [ 0.          0.          0.          0.         10.26666667 13.06666667
   1.06666667  7.33333333  2.26666667  0.          0.          0.
   4.66666667  2.93333333  0.          2.66666667  0.          3.06666667
   3.06666667  0.          4.          6.8         0.8         0.
   0.          1.06666667  0.          0.          0.93333333  1.06666667]
 [ 0.          6.26666667 18.8         0.          0.          0.
   0.          0.          0.          1.86666667  0.         24.66666667
   0.          0.          0.          7.46666667  5.06666667  0.
   0.          0.          0.          0.          2.8         0.
  23.46666667  0.          3.46666667  0.          0.          0.        ]
 [ 0.          0.          0.          0.          2.26666667  0.
   1.33333333  1.33333333  0.          0.          0.          0.
   4.8         4.66666667  0.          0.          0.          1.2
  10.4        10.26666667  1.46666667  0.93333333  0.          0.
   0.          3.73333333  0.         66.13333333  1.6        10.13333333]
 [ 0.          1.33333333  9.33333333  0.          0.          0.
   0.          0.          0.         14.13333333  0.          4.93333333
   0.          0.          0.          1.86666667  0.13333333  0.
   0.          0.          0.          0.          0.          0.
  13.6         0.          0.          0.          0.          0.        ]
 [ 0.          0.          0.          0.93333333 10.13333333  2.66666667
   0.          4.         15.86666667  0.          9.6         0.
  89.6         8.26666667  4.13333333  0.          0.          6.13333333
   0.          0.26666667  4.66666667  0.93333333  0.66666667 16.8
   0.          0.26666667  0.          4.8         0.          3.2       ]
 [ 0.          0.          0.         66.8         6.          0.
   5.06666667 13.6         2.53333333  0.         16.8         0.
   4.13333333 12.4        28.8         0.          0.          1.06666667
   6.4         0.          4.4         0.93333333  2.4         3.33333333
   0.         14.13333333  0.          9.6        21.33333333 39.6       ]
 [ 0.          0.          0.          0.         41.06666667  0.
   0.          0.          0.          0.          0.          0.
   4.53333333 38.93333333 89.6         0.          0.          3.86666667
   2.8         0.53333333  0.          1.6         4.26666667  5.46666667
   0.         29.46666667  0.         10.8         0.          1.2       ]
 [10.4        11.2         0.          0.          0.          0.
   0.          0.          1.2         9.46666667  0.          1.06666667
   0.          0.          0.          9.06666667  1.33333333  0.
   0.          0.          0.          0.          0.          0.
  13.33333333  0.          0.          0.          0.          0.        ]
 [33.6         0.          2.4         0.          0.          0.
   0.          0.          0.          8.8         0.          0.66666667
   0.          0.          0.          0.26666667  1.06666667  0.
   0.          0.          0.          0.          0.          0.
  12.          0.          0.          0.          0.          0.        ]
 [ 0.          0.66666667  0.          1.33333333  3.33333333  2.13333333
   0.         10.26666667  1.33333333  0.          2.13333333  0.
  10.          0.53333333  2.66666667  0.          0.          0.
   4.26666667  0.4         0.         16.53333333  1.86666667  0.
   0.          1.33333333  1.86666667  4.66666667  0.          1.46666667]
 [ 0.          0.          0.          0.66666667  6.53333333  0.93333333
   2.13333333  2.8        10.          0.          7.06666667  0.
   0.66666667  5.73333333  2.13333333  0.          0.          5.6
   0.          1.6         1.46666667  4.53333333  7.2        16.13333333
   0.          6.93333333  0.          0.66666667  0.          1.33333333]
 [ 0.          0.          0.          7.33333333  0.          0.
   0.          0.          0.          0.          6.53333333  0.
   0.53333333  0.8         0.          0.          0.          0.66666667
   1.2         0.          0.          0.93333333  0.          0.
   0.          6.4         0.          1.73333333  5.73333333  4.26666667]
 [ 0.          0.          0.          1.73333333  0.          0.
   1.2         0.          7.06666667  0.          2.53333333  0.
   2.8         4.26666667  0.          0.          0.          0.
   1.33333333  0.          0.          0.          1.86666667  0.
   0.          0.          0.          1.6         0.          0.93333333]
 [ 0.          0.          0.          2.93333333  8.4         0.93333333
   0.66666667  2.93333333  6.66666667  0.          1.06666667  0.
   2.4         1.73333333  2.4         0.          0.          8.66666667
   1.2         0.66666667  0.          2.8         4.53333333  4.13333333
   0.          2.26666667  0.          8.          3.33333333  2.13333333]
 [ 0.          0.          0.          0.          0.          0.
   1.2         2.          0.4         3.46666667  0.          0.
   0.66666667  3.33333333  5.06666667  0.          0.          6.
   2.13333333  0.          0.4         8.          0.          3.2
   0.          3.33333333  0.          2.66666667  0.          4.53333333]
 [ 0.          0.          0.          1.86666667  0.          0.
   2.66666667  0.4         0.          0.          0.          0.
  14.          2.4         5.6         0.          0.          0.66666667
  11.33333333  0.66666667  0.          1.33333333  0.66666667  0.
   0.          3.33333333  0.          7.06666667  4.8         5.46666667]
 [11.86666667  0.          3.6         0.          0.          0.
   0.          0.          0.         25.6         0.         12.93333333
   0.          0.          0.         10.93333333  9.6         0.
   0.          0.          0.          0.66666667  0.          0.
   3.2         0.          0.          0.          0.          0.        ]
 [ 0.          0.          0.         18.66666667  0.          0.
   0.          0.66666667  1.33333333  0.          6.8         0.
   0.93333333 22.13333333 10.          0.          0.          3.46666667
   4.8         0.          0.          2.93333333  3.86666667  5.06666667
   0.          0.          0.          9.33333333  0.          5.33333333]
 [ 0.          0.26666667  1.2         0.          0.          0.
   0.          0.          0.          1.73333333  0.          0.
   0.          0.          0.          0.          0.          0.
   0.          0.          0.          0.          0.          0.
   0.          0.          0.          0.          0.          0.        ]
 [ 0.          0.          0.          2.          0.          0.
  16.8         6.4         0.          0.         64.          0.
   3.06666667 16.53333333  4.8         0.          0.          6.13333333
   0.66666667  4.93333333  0.         12.93333333  1.6         5.33333333
   0.          9.33333333  0.         67.2         0.          1.46666667]
 [ 0.          0.          0.          0.26666667 11.73333333  0.66666667
   0.         37.33333333  1.86666667  0.          0.          0.
   0.          4.26666667  0.          0.          0.          0.
   0.          0.66666667  0.          2.13333333  0.          5.73333333
   0.          1.33333333  0.          0.          8.66666667  0.        ]
 [ 0.          0.          0.         38.26666667  2.         15.86666667
   2.          0.          2.          0.          9.33333333  0.
   4.53333333 24.4         1.33333333  0.          0.          2.13333333
   2.4         1.6         0.          2.26666667  1.6         2.53333333
   0.          0.          0.          1.73333333  0.66666667 54.13333333]]
